chain_component: m3head_ms7
links:
- Ixx: 0.0021199000000000001
  Ixy: 1.3200000000000001e-06
  Ixz: 0.0
  Iyy: 0.00040181
  Iyz: 2.9799999999999998e-06
  Izz: 0.0020614700000000001
  a: 0.0
  alpha: 90.0
  cx: 6.1029999999999997e-05
  cy: 0.028798629999999999
  cz: -0.0033185100000000002
  d: 0.0
  joint_offset: 0.0
  m: 0.93999999999999995
- Ixx: 0.00019238999999999999
  Ixy: 3.8000000000000001e-07
  Ixz: -8.2999999999999999e-07
  Iyy: 0.00017357000000000001
  Iyz: 2.9999999999999999e-07
  Izz: 0.00016513000000000001
  a: 0.0
  alpha: -90.0
  cx: 0.00015121000000000001
  cy: -0.0018127799999999999
  cz: -0.00211466
  d: 0.142025
  joint_offset: -90.0
  m: 0.40899999999999997
name: m3dynamatics_s3r1_simc_ms7
ndof: 2
param:
  payload_com:
  - 0.0
  - 0.0
  - 0.0
  payload_inertia:
  - 0.0
  - 0.0
  - 0.0
  - 0.0
  - 0.0
  - 0.0
  payload_mass: 0.0
  use_accelerations: false
  use_velocities: false
